R = 8;
Lm = 860e-6;
btm = 2.348e-9;
Kv = 0.0202;
Ktm = 20.2e-3;
Jm = 172e-6;
