%Variables:
R = 8;
Lm = 860e-6;
btm = 2.348e-9;
Kv = 0.0202;
Ktm = 20.2e-3;
Jm = 172e-6;
Lb = 0.3;
mb = 75e-3;
g = 9.81;
l = 0.6;
Kt = 100e-6;
w0= 2;
bt = 10e-3;
J = 58.23e-3;